136673
231107
98994
320674
387416
120225
244905
215395
2214585
3870490
3697504
185141
223726
314410
59348
6106
108520
253613
184946
145394
722269
700044
241153
148504
275985
3431883
1190085
397405
264726
264937
354741
639121
1057400
314410
197145
1075642
183333
1271765
170768
911941
10090
185943
463966
141943
6213301
264937
181850
243574
1006550
1088689
145778
265625
9566247
409949
490923
163815
226615
77208
166599
119099
562197
121401
141943
278792
625073
231107
487251
554774
197797
89470
1880703
135584
541977
1076633
205674
416225
244165
693086
70065
99285
3847317
6306998
247259
1229721
206932
41518953
275985
5599122
113515
333004
4482
277995
120344
27659
363136
390099
4558251
21555
988336
57996
103787
148820
218093
1109047
1388872
70065
195792
439932
151767
13867150
84585
445410
207195
2179757
352193
412137
320470
253613
1403924
244171
235514
66467
170768
2514592
185594
1544176
11789637
49162
207195
1319857
135584
417555
561724
133433
245750
612000
27659
150025
351429
287009
83303
1176929
108520
150446
2904441
197980
99285
992823
429822
6695733
1064612
320674
184946
1835419
200382
490923
58735
314036
264937
148504
125791
584728
1333480
2998251
6213301
244165
155890
275985
337753
267109
244165
120225
439702
200255
314036
577651
315392
1423733
383495
115210
83138
144721
486701
1362001
809839
70065
167985
37072768
77208
141943
264726
149585
99285
90380
